%YAML:1.0
ColorMap:
   - { z:-40., color:80 }
   - { z:-30., color:7780 }
   - { z:-20., color:12902 }
   - { z:-1.2500000000000000e+01, color:1272992 }
   - { z:-7.5000000000000000e-01, color:1608909 }
   - { z:-2.5000000000000000e-01, color:8900346 }
   - { z:-5.0000000000000003e-02, color:11592447 }
   - { z:0., color:24903 }
   - { z:2.5000000000000000e-01, color:1079855 }
   - { z:2.5000000000000000e+00, color:15259517 }
   - { z:6., color:10568448 }
   - { z:9., color:8527390 }
   - { z:14., color:10592673 }
   - { z:20., color:13553358 }
   - { z:25., color:16777215 }
