%YAML:1.0
intrisics: !!opencv-matrix
   rows: 3
   cols: 3
   dt: d
   data: [ 2.0422053551032219e+04, 0., 1.7574933066581182e+03, 0.,
       2.2737604995092861e+04, 9.1648698830006674e+02, 0., 0., 1. ]
projResX: 800
projResY: 600
rotation: !!opencv-matrix
   rows: 3
   cols: 1
   dt: d
   data: [ 2.6128744495951178e-01, -1.9148423410729559e-01,
       2.2938907219669902e-02 ]
translation: !!opencv-matrix
   rows: 3
   cols: 1
   dt: d
   data: [ 1.1281797751807599e+03, 5.4688681590218084e+02,
       -1.5184570578283214e+04 ]
reprojectionError: 2.5980017185211182e+00
