%YAML:1.0
intrisics: !!opencv-matrix
   rows: 3
   cols: 3
   dt: d
   data: [ 1.6735019381633424e+03, 0., 4.0963362450449853e+02, 0.,
       1.6440445553255170e+03, 8.6446713819528463e+02, 0., 0., 1. ]
projResX: 800
projResY: 600
rotation: !!opencv-matrix
   rows: 3
   cols: 1
   dt: d
   data: [ -3.7462636806547202e-03, 1.6614037675187723e-01,
       -3.1144345507606954e+00 ]
translation: !!opencv-matrix
   rows: 3
   cols: 1
   dt: d
   data: [ -2.1503658946439341e+01, -2.1462648164506891e+02,
       2.6707647582551800e+02 ]
reprojectionError: 1.6135476827621460e+00
