%YAML:1.0
intrisics: !!opencv-matrix
   rows: 3
   cols: 3
   dt: d
   data: [ 1.3466343046147627e+04, 0., -1.3302703015719778e+03, 0.,
       1.4078428609611750e+04, 8.5776721020089622e+02, 0., 0., 1. ]
projResX: 800
projResY: 600
rotation: !!opencv-matrix
   rows: 3
   cols: 1
   dt: d
   data: [ -3.1125926459589326e-01, -3.4112410892464912e-01,
       -3.0826399867850358e+00 ]
translation: !!opencv-matrix
   rows: 3
   cols: 1
   dt: d
   data: [ -1.4589666413019361e+03, 2.8624636099675485e+02,
       -1.0700676521805655e+04 ]
reprojectionError: 1.4703100919723511e+00
