%YAML:1.0
intrisics: !!opencv-matrix
   rows: 3
   cols: 3
   dt: d
   data: [ 1.5331455819459325e+04, 0., 2.8219601228413239e+03, 0.,
       1.6690769766679594e+04, 1.0289978331473769e+03, 0., 0., 1. ]
projResX: 800
projResY: 600
rotation: !!opencv-matrix
   rows: 3
   cols: 1
   dt: d
   data: [ 2.6365091769860605e-01, -2.5851287303055809e-01,
       4.0407153122363641e-02 ]
translation: !!opencv-matrix
   rows: 3
   cols: 1
   dt: d
   data: [ 1.9198135316686216e+03, 6.2164404430150944e+02,
       -1.1501017855321112e+04 ]
reprojectionError: 2.0139312744140625e+00
