%YAML:1.0
intrisics: !!opencv-matrix
   rows: 3
   cols: 3
   dt: d
   data: [ 1.0655931029904865e+04, 0., 1.8111710725523537e+03, 0.,
       1.1574156933687005e+04, 1.1816048420835771e+03, 0., 0., 1. ]
projResX: 800
projResY: 600
rotation: !!opencv-matrix
   rows: 3
   cols: 1
   dt: d
   data: [ 3.1090118635671082e-01, -2.5993590015017332e-01,
       3.1493272344201094e-02 ]
translation: !!opencv-matrix
   rows: 3
   cols: 1
   dt: d
   data: [ 1.2219948092404695e+03, 7.6052002233523456e+02,
       -8.2928658212108894e+03 ]
reprojectionError: 1.6223306655883789e+00
