%YAML:1.0
intrisics: !!opencv-matrix
   rows: 3
   cols: 3
   dt: d
   data: [ 1.6716628884551523e+04, 0., 2.2432421417654800e+03, 0.,
       1.7739117986620302e+04, 9.6398728037155922e+02, 0., 0., 1. ]
projResX: 800
projResY: 600
rotation: !!opencv-matrix
   rows: 3
   cols: 1
   dt: d
   data: [ 2.4224075938159595e-01, -1.5305252704453817e-01,
       3.5264532558587268e-02 ]
translation: !!opencv-matrix
   rows: 3
   cols: 1
   dt: d
   data: [ 1.3990782157333513e+03, 5.5839966141478533e+02,
       -1.2221333301092598e+04 ]
reprojectionError: 1.7800223827362061e+00
