%YAML:1.0
intrisics: !!opencv-matrix
   rows: 3
   cols: 3
   dt: d
   data: [ 1.3199516626911784e+04, 0., 3.6544617379967958e+03, 0.,
       1.3653605706223130e+04, -2.2286749905314641e+03, 0., 0., 1. ]
projResX: 640
projResY: 480
rotation: !!opencv-matrix
   rows: 3
   cols: 1
   dt: d
   data: [ 9.4246222067347374e-01, -5.0993968409309687e-01,
       -2.8500278113172635e+00 ]
translation: !!opencv-matrix
   rows: 3
   cols: 1
   dt: d
   data: [ 8.7615892948171961e+02, -6.4952471274520099e+02,
       -3.4817440142784171e+03 ]
reprojectionError: 9.5344285964965820e+00
